1000100 1100001 1100100 1100100 1111001 
0100111 1110011 0100000 1100110 1101100 
1101111 1110111 1101110 0100000 1100001 
1100011 1110010 1101111 1110011 1110011 
0100000 1110100 1101000 1100101 0100000 
1101111 1100011 1100101 1100001 1101110 
0001010 1001100 1100101 1100001 1110110 
1101001 1101110 1100111 0100000 1101010 
1110101 1110011 1110100 0100000 1100001 
0100000 1101101 1100101 1101101 1101111 
1110010 1111001 0001010 1010011 1101110 
1100001 1110000 1110011 1101000 1101111 
1110100 0100000 1101001 1101110 0100000 
1110100 1101000 1100101 0100000 1100110 
1100001 1101101 1101001 1101100 1111001 
0100000 1100001 1101100 1100010 1110101 
1101101 0001010 1000100 1100001 1100100 
1100100 1111001 0100000 1110111 1101000 
1100001 1110100 0100000 1100101 1101100 
1110011 1100101 0100000 1100100 1101001 
1100100 0100000 1111001 1101111 1110101 
0100000 1101100 1100101 1100001 1110110 
1100101 0100000 1100110 1101111 1110010 
0100000 1101101 1100101 0001010 1000100 
1100001 1100100 1100100 1111001 0101100 
0100000 1110111 1101000 1100001 1110100 
0100111 1100100 0100111 1101010 1100001 
0100000 1101100 1100101 1100001 1110110 
1100101 0100000 1100010 1100101 1101000 
1101001 1101110 1100100 0100000 1100110 
1101111 1110010 0100000 1101101 1100101 
0001010 1000001 1101100 1101100 0100000 
1101001 1101110 0100000 1100001 1101100 
1101100 0100000 1101001 1110100 0100000 
1110111 1100001 1110011 0100000 1101010 
1110101 1110011 1110100 0100000 1100001 
0100000 1100010 1110010 1101001 1100011 
1101011 0100000 1101001 1101110 0100000 
1110100 1101000 1100101 0100000 1110111 
1100001 1101100 1101100 0001010 1000001 
1101100 1101100 0100000 1101001 1101110 
0100000 1100001 1101100 1101100 0100000 
1101001 1110100 0100000 1110111 1100001 
1110011 0100000 1100001 1101100 1101100 
0100000 1101010 1110101 1110011 1110100 
0100000 1100010 1110010 1101001 1100011 
1101011 1110011 0100000 1101001 1101110 
0100000 1110100 1101000 1100101 0100000 
1110111 1100001 1101100 1101100 0001010 
0001010 1010111 1100101 0100000 1100100 
1101111 1101110 0100111 1110100 0100000 
1101110 1100101 1100101 1100100 0100000 
1101110 1101111 0100000 1100101 1100100 
1110101 1100011 1100001 1110100 1101001 
1101111 1101110 0001010 1010111 1100101 
0100000 1100100 1101111 1101110 0100111 
1110100 0100000 1101110 1100101 1100101 
1100100 0100000 1101110 1101111 0100000 
1110100 1101000 1101111 1110101 1100111 
1101000 1110100 0100000 1100011 1101111 
1101110 1110100 1110010 1101111 1101100 
0001010 1001110 1101111 0100000 1100100 
1100001 1110010 1101011 0100000 1110011 
1100001 1110010 1100011 1100001 1110011 
1101101 0100000 1101001 1101110 0100000 
1110100 1101000 1100101 0100000 1100011 
1101100 1100001 1110011 1110011 1110010 
1101111 1101111 1101101 0001010 1010100 
1100101 1100001 1100011 1101000 1100101 
1110010 0100000 1101100 1100101 1100001 
1110110 1100101 0100000 1110100 1101000 
1100101 1101101 0100000 1101011 1101001 
1100100 1110011 0100000 1100001 1101100 
1101111 1101110 1100101 0001010 1001000 
1100101 1111001 0101100 0100000 1110100 
1100101 1100001 1100011 1101000 1100101 
1110010 0101100 0100000 1101100 1100101 
1100001 1110110 1100101 0100000 1110100 
1101000 1100101 1101101 0100000 1101011 
1101001 1100100 1110011 0100000 1100001 
1101100 1101111 1101110 1100101 0001010 
1000001 1101100 1101100 0100000 1101001 
1101110 0100000 1100001 1101100 1101100 
0100000 1101001 1110100 0100111 1110011 
0100000 1101010 1110101 1110011 1110100 
0100000 1100001 1101110 1101111 1110100 
1101000 1100101 1110010 0100000 1100010 
1110010 1101001 1100011 1101011 0100000 
1101001 1101110 0100000 1110100 1101000 
1100101 0100000 1110111 1100001 1101100 
1101100 0001010 1000001 1101100 1101100 
0100000 1101001 1101110 0100000 1100001 
1101100 1101100 0100000 1111001 1101111 
1110101 0100111 1110010 1100101 0100000 
1101010 1110101 1110011 1110100 0100000 
1100001 1101110 1101111 1110100 1101000 
1100101 1110010 0100000 1100010 1110010 
1101001 1100011 1101011 0100000 1101001 
1101110 0100000 1110100 1101000 1100101 
0100000 1110111 1100001 1101100 1101100 
0001010 0001010 1010111 1100101 0100000 
1100100 1101111 1101110 0100111 1110100 
0100000 1101110 1100101 1100101 1100100 
0100000 1101110 1101111 0100000 1100101 
1100100 1110101 1100011 1100001 1110100 
1101001 1101111 1101110 0001010 1010111 
1100101 0100000 1100100 1101111 1101110 
0100111 1110100 0100000 1101110 1100101 
1100101 1100100 0100000 1101110 1101111 
0100000 1110100 1101000 1101111 1110101 
1100111 1101000 1110100 0100000 1100011 
1101111 1101110 1110100 1110010 1101111 
1101100 0001010 1001110 1101111 0100000 
1100100 1100001 1110010 1101011 0100000 
1110011 1100001 1110010 1100011 1100001 
1110011 1101101 0100000 1101001 1101110 
0100000 1110100 1101000 1100101 0100000 
1100011 1101100 1100001 1110011 1110011 
1110010 1101111 1101111 1101101 0001010 
1010100 1100101 1100001 1100011 1101000 
1100101 1110010 1110011 0100000 1101100 
1100101 1100001 1110110 1100101 0100000 
1110100 1101000 1100101 1101101 0100000 
1101011 1101001 1100100 1110011 0100000 
1100001 1101100 1101111 1101110 1100101 
0001010 1001000 1100101 1111001 0101100 
0100000 1110100 1100101 1100001 1100011 
1101000 1100101 1110010 0101100 0100000 
1101100 1100101 1100001 1110110 1100101 
0100000 1110101 1110011 0100000 1101011 
1101001 1100100 1110011 0100000 1100001 
1101100 1101111 1101110 1100101 0001010 
1000001 1101100 1101100 0100000 1101001 
1101110 0100000 1100001 1101100 1101100 
0100000 1111001 1101111 1110101 0100111 
1110010 1100101 0100000 1101010 1110101 
1110011 1110100 0100000 1100001 1101110 
1101111 1110100 1101000 1100101 1110010 
0100000 1100010 1110010 1101001 1100011 
1101011 0100000 1101001 1101110 0100000 
1110100 1101000 1100101 0100000 1110111 
1100001 1101100 1101100 0001010 1000001 
1101100 1101100 0100000 1101001 1101110 
0100000 1100001 1101100 1101100 0100000 
1111001 1101111 1110101 0100111 1110010 
1100101 0100000 1101010 1110101 1110011 
1110100 0100000 1100001 1101110 1101111 
1110100 1101000 1100101 1110010 0100000 
1100010 1110010 1101001 1100011 1101011 
0100000 1101001 1101110 0100000 1110100 
1101000 1100101 0100000 1110111 1100001 
1101100 1101100 0001010 0001010 1001001 
0100000 1100100 1101111 1101110 0100111 
1110100 0100000 1101110 1100101 1100101 
1100100 0100000 1101110 1101111 0100000 
1100001 1110010 1101101 1110011 0100000 
1100001 1110010 1101111 1110101 1101110 
1100100 0100000 1101101 1100101 0001010 
1000001 1101110 1100100 0100000 1001001 
0100000 1100100 1101111 1101110 0100111 
1110100 0100000 1101110 1100101 1100101 
1100100 0100000 1101110 1101111 0100000 
1100100 1110010 1110101 1100111 1110011 
0100000 1110100 1101111 0100000 1100011 
1100001 1101100 1101101 0100000 1101101 
1100101 0001010 1001001 0100000 1101000 
1100001 1110110 1100101 0100000 1110011 
1100101 1100101 1101110 0100000 1110100 
1101000 1100101 0100000 1110111 1110010 
1101001 1110100 1101001 1101110 1100111 
0100000 1101111 1101110 0100000 1110100 
1101000 1100101 0100000 1110111 1100001 
1101100 1101100 0001010 1000100 1101111 
1101110 0100111 1110100 0100000 1110100 
1101000 1101001 1101110 1101011 0100000 
1001001 0100000 1101110 1100101 1100101 
1100100 0100000 1100001 1101110 1111001 
1110100 1101000 1101001 1101110 1100111 
0100000 1100001 1110100 0100000 1100001 
1101100 1101100 0001010 1001110 1101111 
0101100 0100000 1100100 1101111 1101110 
0100111 1110100 0100000 1110100 1101000 
1101001 1101110 1101011 0100000 1001001 
0100111 1101100 1101100 0100000 1101110 
1100101 1100101 1100100 0100000 1100001 
1101110 1111001 1110100 1101000 1101001 
1101110 1100111 0100000 1100001 1110100 
0100000 1100001 1101100 1101100 0001010 
1000001 1101100 1101100 0100000 1101001 
1101110 0100000 1100001 1101100 1101100 
0100000 1101001 1110100 0100000 1110111 
1100001 1110011 0100000 1100001 1101100 
1101100 0100000 1101010 1110101 1110011 
1110100 0100000 1100010 1110010 1101001 
1100011 1101011 1110011 0100000 1101001 
1101110 0100000 1110100 1101000 1100101 
0100000 1110111 1100001 1101100 1101100 
0001010 1000001 1101100 1101100 0100000 
1101001 1101110 0100000 1100001 1101100 
1101100 0100000 1111001 1101111 1110101 
0100000 1110111 1100101 1110010 1100101 
0100000 1100001 1101100 1101100 0100000 
1101010 1110101 1110011 1110100 0100000 
1100010 1110010 1101001 1100011 1101011 
1110011 0100000 1101001 1101110 0100000 
1110100 1101000 1100101 0100000 1110111 
1100001 1101100 1101100 000101