0111000 0001110 0111111 1101010 0100100 
0001100 0001101 1101000 0100101 0100110 
0110011 0000000 0111011 0100011 0101010 
0101110 0010010 1101000 0101110 0101010 
0010000 0001000 0100110 0101100 0101010 
1010010 0001100 1101000 0101011 0100010 
1110001 0001000 0100110 0111001 0110001 
0100000 0001100 0101101 1000000 0000100 
0011110 0000101 1101000 0111001 0110100 
0010101 0010011 1101000 0100111 0111101 
1110000 0000101 0111101 0100110 0101000 
1100000 0010011 0101101 0111100 0100001 
1011110 0000110 0101101 1101011 1100100 
1110111 0001001 0101001 0111110 1100100 
1111001 0010010 1101000 0101011 1100100 
1101101 0000000 0100110 1000000 0001101 
0010110 1000001 0100000 0100011 0110100 
1000000 0000010 0100000 0100011 0100010 
0110110 1000001 0101111 0100101 0101000 
0100100 1000001 0101001 0100100 0100011 
0010000 0001100 0101001 0111000 0101100 
1000101 0010101 1101000 0100101 0100001 
0110000 0001001 0100001 0111001 1100111 
1110100 0001000 0100101 0101111 1001101 
0110010 0000100 1101000 0101000 0110011 
0010100 1000001 0111100 0100101 1100110 
0100011 0001101 0101101 0101111 0110110 
1100000 0000000 0100110 0101110 1100110 
1010110 0000100 0101101 0101110 1111001 
0000000 0100000 1101000 0101000 0100011 
1110001 0010010 0111100 1100110 1100110 
1101110 0001110 1101000 0100111 0101001 
0000010 0000100 1100110 1000000 0010010 
0010101 0010011 0101101 1101010 0101001 
0110101 1000001 0111100 0100010 0100000 
0110100 1000001 0100101 0101011 0100101 
1010101 1000001 0111101 0111001 1100001 
1010111 0001000 0111100 0100010 1100001 
1100011 0010100 0101011 0100010 1100001 
1101100 0000000 0111010 0101101 0100100 
1010000 0000101 0100001 0111001 0100011 
0001111 0010100 0111010 0111001 0100101 
1111100 1101011 0000100 0100101 0101111 
0101011 0001000 0100110 0101101 1100000 
1010010 0000100 0101110 0100101 0110010 
1000101 1000001 0101001 0100100 0100100 
0110000 0000000 0101110 0111110 0100101 
1110010 1001101 1101000 0101101 0100001 
0000110 0000100 1101000 0111111 0110000 
1000000 0001111 0100111 0111110 1001001 
0000100 0001001 0101001 0111110 1100011 
0100011 0000000 0111000 0101011 0100001 
1011001 0001101 0100001 0111110 0111010 
0000000 0000000 0100110 0101110 1100011 
1110111 0001110 0101100 0100110 0101010 
1101011 0000100 1101000 0111000 0100110 
0010001 0010010 0100111 0100100 1001000 
0110100 0001110 1101000 0101100 0110111 
0100011 0010101 1101000 0100011 0101100 
1100000 0010100 0111011 1101010 0110111 
1011110 0010100 0111011 0101111 0100110 
0001110 1000001 0000110 0100101 0110101 
0111100 1000001 0111111 0100010 0100111 
1110100 0001001 0101101 0111000 1100010 
0011001 0010101 1101000 0101000 0101000 
1101010 0100011 0101101 0111001 0111001 
0111001 0000000 0100100 1101010 0100010 
0100010 0001101 0100001 0111100 0100100 
1011111 0001111 1100100 1101010 0100010 
1010010 1000001 0111011 0100101 0100000 
1110101 1000001 0101011 0111000 0101100 
1110110 0000100 0100110 1101010 0111110 
0010011 0010011 0111101 0111010 0100000 
0000101 1101011 0000111 0101100 1101100 
0100100 0001001 0100001 0100100 0100111 
0101001 0001111 0101111 1101010 0111000 
1011111 0001110 1101000 0111010 0111110 
1000101 0000010 0100001 0111001 0101001 
1111100 0011000 1101000 0100101 0100010 
0100000 0010101 0100000 0101111 1101100 
0010101 0010111 0101101 0100100 0111011 
1101010 0100000 1101000 0111110 0100111 
0111111 0010100 0101111 0100010 0111011 
1100000 0010110 0100000 0100011 0101100 
1011000 1001101 1101000 0111011 0111010 
1000001 0010011 0111100 0101111 0111101 
1110101 0000101 1100100 1101010 0100111 
1100001 0010101 0100000 1101010 0101101 
0000101 0010101 1101000 0100101 0100000 
0000101 1000001 0111000 0101011 0111100 
0100100 1000001 0111111 0100011 0111101 
0100100 0001110 0100101 1000000 0001111 
1011110 0000101 1101000 0101111 0111000 
1000101 0010011 1101000 0111110 0100110 
1100010 0000100 0101101 1101010 0111110 
1100001 0010011 0111100 0111001 1101110 
0010011 0001110 0111111 0101011 0111011 
0000100 1011010 1101000 0000011 1101001 
0110100 0001110 1101000 0100100 0100110 
0110100 1000001 0100011 0100100 0100110 
1000111 1101011 0011111 0100010 0110000 
0000000 0011000 0101101 0111110 1101001 
1011001 1000001 0100100 0100011 0111111 
1100101 1000001 0111100 0100101 1101001 
0000011 0000000 0110001 1101010 1101111 
0110100 0001001 0100001 0111001 1101000 
0100100 0001001 0100001 0100100 0101111 
1100111 0010010 1101000 0111110 0100111 
0010000 0000101 0100111 1101101 1000010 
1110011 0001000 0111100 0100010 1101000 
1011001 1000001 0100000 0101011 0111110 
1100101 1000001 0101011 0101011 0111101 
0000011 0000100 1100100 1101010 0101010 
0001110 0000101 1101000 0111101 0100010 
0111100 0001101 1100100 1101010 0101010 
0101110 0000101 1101000 0111001 0111111 
1000010 0000100 0100110 0101101 0111111 
1001000 1001101 1101000 0101011 0100101 
1110100 1000001 0100101 0101111 0101010 
1101110 0010010 1000010 0011110 0100100 
1010000 0000101 0100111 1101010 0100011 
0010100 1001111 1101000 0001111 0110010 
0110001 0001100 0111000 0100110 0101111 
0110011 1001101 1101000 0101101 0111000 
1011111 0010010 0111011 1101010 0101011 
1010011 1000001 0101101 0101011 0111000 
1100100 0001001 1100100 1101010 0101111 
1111000 0001001 0100111 0111000 0111110 
1010000 0001100 0101101 1110000 1011111 
0110111 0001000 0111100 0100100 0110000 
0100011 0010010 1101000 0111110 0111101 
0101001 0010010 1101000 0101011 0100111 
1011101 0011000 1100100 1101010 0111010 
1000110 1000001 0111011 0111111 0110110 
1111000 1000001 0100101 0101011 0100110 
1110011 1000001 0101001 0100100 0110001 
1010000 0000010 0100000 0101011 0100110 
0000111 0000100 1100100 1000000 0011000 
0110101 0000101 1101000 0101000 0101101 
1100000 0000000 1101000 0101110 0110001 
1011100 0001000 0101011 0101011 0100000 
1000101 1000001 0101001 0100100 0110000 
0110000 0010101 0101101 0100100 0110000 
1100101 0010011 1101000 0111010 0100110 
0011001 0001111 0101011 0101111 1111001 
1101010 0110110 0100000 0100101 0100100 
0110101 1000001 0111011 0111010 0111110 
0110010 0001000 0111100 1100110 1110111 
1000111 0001000 0111100 0100010 1110111 
1000100 0001000 0111110 0100011 0111001 
1110101 1000001 0101001 0100111 0110101 
1101001 0010101 0100001 0100101 0111001 
1010000 0010001 0111101 0101100 0110000 
0000101 0000101 1100100 1000000 0011011 
0110001 0001010 0101101 0111001 1110110 
0101101 0001110 0111101 0111110 0111110 
1000011 1000001 0101001 0111110 1110110 
1010100 0001001 0101101 1101010 0111111 
1111110 0010111 0100001 0111001 0111111 
1100010 0001101 0101101 1101010 0110011 
0000110 0000100 0100110 0111110 1111111 
1101010 0100100 0110000 0111010 0111110 
0100011 0001000 0100110 0101101 1110001 
0110111 0001001 0101001 0111110 1110001 
1011001 0010010 1101000 0100111 0111110 
1010010 0010101 0101001 0100110 1110001 
1110001 0001111 0101100 1101010 0100100 
1101110 0010010 0111101 0111000 0110100 
1111010 0110101 0100111 1101010 0110001 
0001100 0001101 1101000 0111110 0111000 
0110001 0010101 1101000 0101100 0111111 
0110010 0010101 0111101 0100100 0110101 
0011100 1000001 0101100 0101111 0110001 
1010100 0001001 1100100 1101010 0110001 
1111110 0000101 1101000 0101110 0110001 
1101110 0000110 0101101 0111000 1110000 
0010100 0000000 0111010 0101111 1111111 
1101010 0100100 0111110 0101111 0111101 
1110000 0000111 0100111 0111000 1110011 
0100001 0001111 1101000 0101111 0110100 
1010111 1001100 0111011 0100010 0110110 
1001100 0001101 1100110 1101010 0000001 
1111001 0000110 0100000 0111110 0111111 
1111001 1000001 0111100 0100101 1110011 
0010010 0000100 1101000 0101101 0100000 
0000101 0000000 0111100 1000000 0011011 
0100011 1000001 0100110 0100101 0100110 
1100000 0010101 0100111 1101010 0100001 
1000100 0001000 0111010 1101010 0100101 
1001001 0010101 0100000 0100101 0100111 
1100100 1000001 0101111 0111000 0110111 
1100001 0010101 1101000 0101011 0100000 
0010111 0010100 0100101 0101111 0110011 
0010100 1001101 1000010 0001000 0101000 
0100100 1000001 0101111 0111000 0111000 
0100001 0010101 0100100 0110011 1111101 
1000100 0001110 1101000 0101100 0110100 
1001110 0000101 1101000 0111011 0101000 
1110001 0010011 0111010 0101111 0110001 
0100000 0001000 0100110 1101010 0111100 
1010000 0010010 0111100 0111000 0111101 
0010111 1101011 0011111 0100010 0111001 
0111110 1000001 0100000 0100101 0110010 
0101111 0010100 0111010 1101101 0101111 
0010000 0000000 0111100 1101010 0101000 
1001000 0000100 1101000 0111001 0101000 
1110001 0001010 0101101 1100100 1111100 
1001000 0001110 0111111 1101010 0101111 
0000100 0000000 0100110 0101110 1111111 
0101001 1001101 1101000 0111110 0110111 
0110101 0001111 1100100 1000000 0001011 
0101000 0000000 0111100 1101010 0110111 
1010001 0010111 0101101 1101010 0111110 
0000000 0000111 0101001 0111110 0110111 
1110101 0010011 1101000 0100001 0110110 
1101100 0001101 0101101 0101110 1110011 
1010000 0000000 1101000 0100111 0110001 
0010100 0001001 0101101 0111000 1111110 
0100011 0010101 0101001 0100011 0110000 
0100101 0000101 1100100 1000000 0011011 
1001000 0000010 0100001 0111110 0111011 
1001101 0000100 0100110 0111110 0101101 
0110000 0001110 0101110 1101010 0110011 
1111001 1000001 0111010 0101111 0111111 
0000011 0001110 0100110 1101010 0111000 
0001110 0000101 1101000 0100111 0100000 
1110000 0000011 0100100 0100101 0110110 
0100100 1001101 1000010 0001011 0110111 
1010100 1000001 0100100 0101111 0101101 
0000000 0000000 0100100 0100110 1111001 
1100011 0001101 0101101 0101111 0101001 
0111111 1000001 0011111 0100010 0110000 
0011100 0000100 1100100 1101010 0101100 
0001111 1000001 0100101 0110011 1111000 
0100011 0001001 0101001 0100111 0111101 
1101100 1000001 0000001 1101010 0101011 
1010101 0000100 1000010 0011110 0110000 
1000101 1000001 0100001 0100111 0110101 
1111001 0001111 0101101 0100100 0101100 
0100000 0000101 0101101 0101011 0101100 
0011000 1000001 0100111 0101100 1111011 
0010100 0010110 0101101 0100100 0101111 
0101001 1000001 0111100 0100010 0110100 
0110101 0010010 0101001 0100100 0111111 
0010000 0001100 0101101 0100100 1010001 
1110100 0001001 0101001 0111110 1110111 
0110000 0000111 0100111 0111000 1111011 
1100001 1000001 0101110 0101011 0110101 
0000100 0000000 0111011 0110011 1111010 
0000001 0001111 0101100 1101010 0101110 
0100010 0001000 0101011 0100001 1111010 
0101111 0000111 1101000 0101100 0111011 
1011101 0000100 1100100 1000000 0011101 
1001111 1000001 0111100 0100101 1111010 
1100100 0001001 0101101 0100011 0101000 
0100000 0000110 0111010 0101011 0101100 
0010101 0010010 1101000 0100110 0001100 
0001011 0000100 1101000 0101000 0000000 
0110100 0010010 1101000 1100111 1000101 
0100110 0001000 0101111 0100010 0010001 
0010000 0000111 0100111 0111000 1000101 
1000001 1000001 0111000 0100110 0001010 
1100100 1101011 0011111 0100010 0000000 
1110010 0000100 0100111 0100100 1000101 
0000100 0001001 0101101 1101010 0001010 
0010101 0001100 0101010 0101111 0010110 
0100011 1000001 0101011 0101011 0001010 
0101110 0001110 0111100 1101010 0010000 
1000010 0011000 1101000 0111110 0001100 
1000101 1000001 0101011 0101011 0010001 
1100011 0000100 1100100 1000000 0110011 
1101000 0001000 0101011 0100010 1000100 
0011001 0010010 1101000 0100100 0001000 
0010100 1000001 0111100 0100101 0001010 
0110010 1000001 0101101 0100100 0001000 
0110101 0000110 0100000 1101010 0000110 
1011110 0000101 1101000 0101001 0001000 
1001110 0010101 0100001 0100100 0000010 
1111110 0010101 1000010 0011110 0001000 
0100000 0001001 0100001 0101110 0000010 
1010000 0010101 0100000 0101111 1000110 
0010011 0001101 0101001 0100011 0001000 
1101111 1000001 0000111 1100110 1000110 
0100110 0010011 0100111 0100111 1000110 
1000100 0001001 0100001 0111001 1000110 
1010100 0001000 0100101 0101111 1000110 
1110110 0001110 0111010 0111110 0001110 
0001010 0101100 0110001 1101010 0010010 
0011000 0001110 0111101 0101101 0001001 
0010100 0010010 1101000 0101000 0000100 
1110000 0000011 0100100 0100101 0001110 
0100100 0011000 1100100 1101010 0001110 
1000010 1000001 0101010 0101111 1000001 
1001110 0001110 0111100 0100010 0001000 
1111110 0000110 1101000 0111101 0001110 
1110010 0010101 0100000 1101011 1101011 
1111010 1001100 1101000 0000010 0000001 
0001101 0001101 0101101 0111110 1001100 
1110000 0100000 0101011 0111110 1000000 
1110100 1001101 1101000 0011001 0000011 
1010101 0001111 0101101 1101010 1010100 
0101010 