1000001 1101100 1100001 1101110 0100000 
1001101 1100001 1110100 1101000 1101001 
1110011 1101111 1101110 0100000 1010100 
1110101 1110010 1101001 1101110 1100111 
0100000 1001111 1000010 1000101 0100000 
1000110 1010010 1010011 0100000 0101000 
0110010 0110011 0100000 1001010 1110101 
1101110 1100101 0100000 0110001 0111001 
0110001 0110010 0100000 0110111 0100000 
1001010 1110101 1101110 1100101 0100000 
0110001 0111001 0110101 0110100 0101001 
0100000 1110111 1100001 1110011 0100000 
1100001 1101110 0100000 1000101 1101110 
1100111 1101100 1101001 1110011 1101000 
0100000 1101101 1100001 1110100 1101000 
1100101 1101101 1100001 1110100 1101001 
1100011 1101001 1100001 1101110 0101100 
0100000 1100011 1101111 1101101 1110000 
1110101 1110100 1100101 1110010 0100000 
1110011 1100011 1101001 1100101 1101110 
1110100 1101001 1110011 1110100 0101100 
0100000 1101100 1101111 1100111 1101001 
1100011 1101001 1100001 1101110 0101100 
0100000 0001101 0001010 1100011 1110010 
1111001 1110000 1110100 1100001 1101110 
1100001 1101100 1111001 1110011 1110100 
0101100 0100000 1110000 1101000 1101001 
1101100 1101111 1110011 1101111 1110000 
1101000 1100101 1110010 0100000 1100001 
1101110 1100100 0100000 1110100 1101000 
1100101 1101111 1110010 1100101 1110100 
1101001 1100011 1100001 1101100 0100000 
1100010 1101001 1101111 1101100 1101111 
1100111 1101001 1110011 1110100 0101110 
1011011 0110101 1011101 0100000 1001000 
1100101 0100000 1110111 1100001 1110011 
0100000 1101000 1101001 1100111 1101000 
1101100 1111001 0100000 1101001 1101110 
1100110 1101100 1110101 1100101 1101110 
1110100 1101001 1100001 1101100 0100000 
1101001 1101110 0100000 1110100 1101000 
1100101 0100000 1100100 1100101 1110110 
1100101 1101100 1101111 1110000 1101101 
1100101 1101110 1110100 0100000 1101111 
1100110 0100000 1110100 1101000 1100101 
1101111 1110010 1100101 1110100 1101001 
1100011 1100001 1101100 0100000 0001101 
0001010 1100011 1101111 1101101 1110000 
1110101 1110100 1100101 1110010 0100000 
1110011 1100011 1101001 1100101 1101110 
1100011 1100101 0101100 0100000 1110000 
1110010 1101111 1110110 1101001 1100100 
1101001 1101110 1100111 0100000 1100001 
0100000 1100110 1101111 1110010 1101101 
1100001 1101100 1101001 1110011 1100001 
1110100 1101001 1101111 1101110 0100000 
1101111 1100110 0100000 1110100 1101000 
1100101 0100000 1100011 1101111 1101110 
1100011 1100101 1110000 1110100 1110011 
0100000 1101111 1100110 0100000 1100001 
1101100 1100111 1101111 1110010 1101001 
1110100 1101000 1101101 0100000 1100001 
1101110 1100100 0100000 1100011 1101111 
1101101 1110000 1110101 1110100 1100001 
1110100 1101001 1101111 1101110 0100000 
1110111 1101001 1110100 1101000 0100000 
1110100 1101000 1100101 0100000 1010100 
1110101 1110010 1101001 1101110 1100111 
0100000 1101101 1100001 1100011 1101000 
1101001 1101110 1100101 0101100 0100000 
0001101 0001010 1110111 1101000 1101001 
1100011 1101000 0100000 1100011 1100001 
1101110 0100000 1100010 1100101 0100000 
1100011 1101111 1101110 1110011 1101001 
1100100 1100101 1110010 1100101 1100100 
0100000 1100001 0100000 1101101 1101111 
1100100 1100101 1101100 0100000 1101111 
1100110 0100000 1100001 0100000 1100111 
1100101 1101110 1100101 1110010 1100001 
1101100 0101101 1110000 1110101 1110010 
1110000 1101111 1110011 1100101 0100000 
1100011 1101111 1101101 1110000 1110101 
1110100 1100101 1110010 0101110 1011011 
0110110 1011101 1011011 0110111 1011101 
1011011 0111000 1011101 0100000 1010100 
1110101 1110010 1101001 1101110 1100111 
0100000 1101001 1110011 0100000 1110111 
1101001 1100100 1100101 1101100 1111001 
0100000 1100011 1101111 1101110 1110011 
1101001 1100100 1100101 1110010 1100101 
1100100 0100000 1110100 1101111 0100000 
1100010 1100101 0100000 1110100 1101000 
1100101 0100000 1100110 1100001 1110100 
1101000 1100101 1110010 0100000 0001101 
0001010 1101111 1100110 0100000 1110100 
1101000 1100101 1101111 1110010 1100101 
1110100 1101001 1100011 1100001 1101100 
0100000 1100011 1101111 1101101 1110000 
1110101 1110100 1100101 1110010 0100000 
1110011 1100011 1101001 1100101 1101110 
1100011 1100101 0101110 1011011 0111001 
1011101 0001101 0001010 0001101 0001010 
1000010 1101111 1110010 1101110 0100000 
1101001 1101110 0100000 1001100 1101111 
1101110 1100100 1101111 1101110 0101100 
0100000 1010100 1110101 1110010 1101001 
1101110 1100111 0100000 1110111 1100001 
1110011 0100000 1110010 1100001 1101001 
1110011 1100101 1100100 0100000 1101001 
1101110 0100000 1110011 1101111 1110101 
1110100 1101000 1100101 1110010 1101110 
0100000 1000101 1101110 1100111 1101100 
1100001 1101110 1100100 0101110 0100000 
1001000 1100101 0100000 1100111 1110010 
1100001 1100100 1110101 1100001 1110100 
1100101 1100100 0100000 1100110 1110010 
1101111 1101101 0100000 1001011 1101001 
1101110 1100111 0100111 1110011 0100000 
1000011 1101111 1101100 1101100 1100101 
1100111 1100101 0101100 0100000 1000011 
1100001 1101101 1100010 1110010 1101001 
1100100 1100111 1100101 0101100 0100000 
1100001 1101110 1100100 0100000 1101001 
1101110 0100000 0110001 0111001 0110011 
0111000 0101100 0100000 0001101 0001010 
1100101 1100001 1110010 1101110 1100101 
1100100 0100000 1100001 0100000 1100100 
1101111 1100011 1110100 1101111 1110010 
1100001 1110100 1100101 0100000 1100100 
1100101 1100111 1110010 1100101 1100101 
0100000 1100110 1110010 1101111 1101101 
0100000 1010000 1110010 1101001 1101110 
1100011 1100101 1110100 1101111 1101110 
0100000 1010101 1101110 1101001 1110110 
1100101 1110010 1110011 1101001 1110100 
1111001 0101110 0100000 1000100 1110101 
1110010 1101001 1101110 1100111 0100000 
1010111 1101111 1110010 1101100 1100100 
0100000 1010111 1100001 1110010 0100000 
1001001 1001001 0101100 0100000 1010100 
1110101 1110010 1101001 1101110 1100111 
0100000 1110111 1101111 1110010 1101011 
1100101 1100100 0100000 1100110 1101111 
1110010 0100000 1110100 1101000 1100101 
0100000 1000111 1101111 1110110 1100101 
1110010 1101110 1101101 1100101 1101110 
1110100 0100000 1000011 1101111 1100100 
1100101 0100000 1100001 1101110 1100100 
0100000 0001101 0001010 1000011 1111001 
1110000 1101000 1100101 1110010 0100000 
1010011 1100011 1101000 1101111 1101111 
1101100 0100000 1100001 1110100 0100000 
1000010 1101100 1100101 1110100 1100011 
1101000 1101100 1100101 1111001 0100000 
1010000 1100001 1110010 1101011 0101100 
0100000 1000010 1110010 1101001 1110100 
1100001 1101001 1101110 0100111 1110011 
0100000 1100011 1101111 1100100 1100101 
1100010 1110010 1100101 1100001 1101011 
1101001 1101110 1100111 0100000 1100011 
1100101 1101110 1110100 1110010 1100101 
0100000 1110100 1101000 1100001 1110100 
0100000 1110000 1110010 1101111 1100100 
1110101 1100011 1100101 1100100 0100000 
1010101 1101100 1110100 1110010 1100001 
0100000 1101001 1101110 1110100 1100101 
1101100 1101100 1101001 1100111 1100101 
1101110 1100011 1100101 0101110 0100000 
1001000 1100101 0100000 1101100 1100101 
1100100 0100000 1001000 1110101 1110100 
0100000 0111000 0101100 0100000 0001101 
0001010 1110100 1101000 1100101 0100000 
1110011 1100101 1100011 1110100 1101001 
1101111 1101110 0100000 1110010 1100101 
1110011 1110000 1101111 1101110 1110011 
1101001 1100010 1101100 1100101 0100000 
1100110 1101111 1110010 0100000 1000111 
1100101 1110010 1101101 1100001 1101110 
0100000 1101110 1100001 1110110 1100001 
1101100 0100000 1100011 1110010 1111001 
1110000 1110100 1100001 1101110 1100001 
1101100 1111001 1110011 1101001 1110011 
0101110 0100000 1010100 1110101 1110010 
1101001 1101110 1100111 0100000 1100100 
1100101 1110110 1101001 1110011 1100101 
1100100 0100000 1110100 1100101 1100011 
1101000 1101110 1101001 1110001 1110101 
1100101 1110011 0100000 1100110 1101111 
1110010 0100000 1110011 1110000 1100101 
1100101 1100100 1101001 1101110 1100111 
0100000 1110100 1101000 1100101 0100000 
1100010 1110010 1100101 1100001 1101011 
1101001 1101110 1100111 0100000 1101111 
1100110 0100000 1000111 1100101 1110010 
1101101 1100001 1101110 0100000 1100011 
1101001 1110000 1101000 1100101 1110010 
1110011 0101100 0100000 0001101 0001010 
1101001 1101110 1100011 1101100 1110101 
1100100 1101001 1101110 1100111 0100000 
1101001 1101101 1110000 1110010 1101111 
1110110 1100101 1101101 1100101 1101110 
1110100 1110011 0100000 1110100 1101111 
0100000 1110100 1101000 1100101 0100000 
1110000 1110010 1100101 0101101 1110111 
1100001 1110010 0100000 1010000 1101111 
1101100 1101001 1110011 1101000 0100000 
1100010 1101111 1101101 1100010 1100001 
0100000 1101101 1100101 1110100 1101000 
1101111 1100100 0101100 0100000 1100001 
1101110 0100000 1100101 1101100 1100101 
1100011 1110100 1110010 1101111 1101101 
1100101 1100011 1101000 1100001 1101110 
1101001 1100011 1100001 1101100 0100000 
1101101 1100001 1100011 1101000 1101001 
1101110 1100101 0100000 1110100 1101000 
1100001 1110100 0100000 1100011 1101111 
1110101 1101100 1100100 0100000 1100110 
1101001 1101110 1100100 0100000 1110011 
1100101 1110100 1110100 1101001 1101110 
1100111 1110011 0100000 1100110 1101111 
1110010 0100000 0001101 0001010 1110100 
1101000 1100101 0100000 1000101 1101110 
1101001 1100111 1101101 1100001 0100000 
1101101 1100001 1100011 1101000 1101001 
1101110 1100101 0101110 0100000 1001000 
1100101 0100000 1110000 1101100 1100001 
1111001 1100101 1100100 0100000 1100001 
0100000 1100011 1110010 1110101 1100011 
1101001 1100001 1101100 0100000 1110010 
1101111 1101100 1100101 0100000 1101001 
1101110 0100000 1100011 1110010 1100001 
1100011 1101011 1101001 1101110 1100111 
0100000 1101001 1101110 1110100 1100101 
1110010 1100011 1100101 1110000 1110100 
1100101 1100100 0100000 1101101 1100101 
1110011 1110011 1100001 1100111 1100101 
1110011 0100000 1110100 1101000 1100001 
1110100 0100000 1100101 1101110 1100001 
1100010 1101100 1100101 1100100 0100000 
1110100 1101000 1100101 0100000 1000001 
1101100 1101100 1101001 1100101 1110011 
0100000 1110100 1101111 0100000 1100100 
1100101 1100110 1100101 1100001 1110100 
0100000 1110100 1101000 1100101 0100000 
0001101 0001010 1000001 1111000 1101001 
1110011 0100000 1110000 1101111 1110111 
1100101 1110010 1110011 0100000 1101001 
1101110 0100000 1101101 1100001 1101110 
1111001 0100000 1100011 1110010 1110101 
1100011 1101001 1100001 1101100 0100000 
1100101 1101110 1100111 1100001 1100111 
1100101 1101101 1100101 1101110 1110100 
1110011 0101100 0100000 1101001 1101110 
1100011 1101100 1110101 1100100 1101001 
1101110 1100111 0100000 1110100 1101000 
1100101 0100000 1000010 1100001 1110100 
1110100 1101100 1100101 0100000 1101111 
1100110 0100000 1110100 1101000 1100101 
0100000 1000001 1110100 1101100 1100001 
1101110 1110100 1101001 1100011